$hessian                                                                        
        0.6092964271  -0.0000031903  -0.0000007361  -0.3046496365   0.0000012033
       -0.2245268704  -0.3046467905   0.0000019870   0.2245276066
       -0.0000031903   0.0000000000   0.0000006952   0.0000012756  -0.0000000000
        0.0000008280   0.0000019147  -0.0000000000  -0.0000015232
       -0.0000007361   0.0000006952   0.3983232749  -0.1830840878   0.0000006110
       -0.1991602147   0.1830848239  -0.0000013062  -0.1991630601
       -0.3046496365   0.0000012756  -0.1830840878   0.3385305611  -0.0000014168
        0.2038053020  -0.0338809246   0.0000001412  -0.0207212143
        0.0000012033  -0.0000000000   0.0000006110  -0.0000014168   0.0000000000
       -0.0000007489   0.0000002136  -0.0000000000   0.0000001379
       -0.2245268704   0.0000008280  -0.1991602147   0.2038053020  -0.0000007489
        0.1823182380   0.0207215684  -0.0000000791   0.0168419767
       -0.3046467905   0.0000019147   0.1830848239  -0.0338809246   0.0000002136
        0.0207215684   0.3385277151  -0.0000021282  -0.2038063923
        0.0000019870  -0.0000000000  -0.0000013062   0.0000001412  -0.0000000000
       -0.0000000791  -0.0000021282   0.0000000000   0.0000013853
        0.2245276066  -0.0000015232  -0.1991630601  -0.0207212143   0.0000001379
        0.0168419767  -0.2038063923   0.0000013853   0.1823210835
