$hessian                                                                        
        0.6547708092  -0.0000034284  -0.0000008993  -0.3273869240   0.0000012924
       -0.2416721594  -0.3273838852   0.0000021360   0.2416730588
       -0.0000034284   0.0000000000   0.0000006931   0.0000013763  -0.0000000000
        0.0000009188   0.0000020521  -0.0000000000  -0.0000016120
       -0.0000008993   0.0000006931   0.3971281664  -0.1935954122   0.0000006671
       -0.1985625638   0.1935963115  -0.0000013602  -0.1985656026
       -0.3273869240   0.0000013763  -0.1935954122   0.3489740739  -0.0000014474
        0.2176336753  -0.0215871498   0.0000000711  -0.0240382631
        0.0000012924  -0.0000000000   0.0000006671  -0.0000014474   0.0000000000
       -0.0000008106   0.0000001550  -0.0000000000   0.0000001435
       -0.2416721594   0.0000009188  -0.1985625638   0.2176336753  -0.0000008106
        0.1884806655   0.0240384842  -0.0000001083   0.0100818983
       -0.3273838852   0.0000020521   0.1935963115  -0.0215871498   0.0000001550
        0.0240384842   0.3489710350  -0.0000022071  -0.2176347956
        0.0000021360  -0.0000000000  -0.0000013602   0.0000000711  -0.0000000000
       -0.0000001083  -0.0000022071   0.0000000000   0.0000014685
        0.2416730588  -0.0000016120  -0.1985656026  -0.0240382631   0.0000001435
        0.0100818983  -0.2176347956   0.0000014685   0.1884837042
