$hessian                                                                        
        0.6093075548  -0.0000031903  -0.0000007361  -0.3046552005   0.0000012033
       -0.2245309710  -0.3046523543   0.0000019870   0.2245317072
       -0.0000031903   0.0000000000   0.0000006952   0.0000012756  -0.0000000000
        0.0000008280   0.0000019147  -0.0000000000  -0.0000015232
       -0.0000007361   0.0000006952   0.3983181560  -0.1830897434   0.0000006111
       -0.1991576553   0.1830904795  -0.0000013063  -0.1991605007
       -0.3046552005   0.0000012756  -0.1830897434   0.3385358836  -0.0000014169
        0.2038101802  -0.0338806831   0.0000001412  -0.0207204368
        0.0000012033  -0.0000000000   0.0000006111  -0.0000014169   0.0000000000
       -0.0000007489   0.0000002136  -0.0000000000   0.0000001379
       -0.2245309710   0.0000008280  -0.1991576553   0.2038101802  -0.0000007489
        0.1823184694   0.0207207909  -0.0000000791   0.0168391859
       -0.3046523543   0.0000019147   0.1830904795  -0.0338806831   0.0000002136
        0.0207207909   0.3385330374  -0.0000021283  -0.2038112704
        0.0000019870  -0.0000000000  -0.0000013063   0.0000001412  -0.0000000000
       -0.0000000791  -0.0000021283   0.0000000000   0.0000013854
        0.2245317072  -0.0000015232  -0.1991605007  -0.0207204368   0.0000001379
        0.0168391859  -0.2038112704   0.0000013854   0.1823213148
