$hessian                                                                        
        0.6093141734  -0.0000031904  -0.0000007367  -0.3046585095   0.0000012033
       -0.2245089775  -0.3046556639   0.0000019870   0.2245097141
       -0.0000031904   0.0000000000   0.0000006951   0.0000012757  -0.0000000000
        0.0000008280   0.0000019147  -0.0000000000  -0.0000015231
       -0.0000007367   0.0000006951   0.3982651760  -0.1830687282   0.0000006110
       -0.1991311653   0.1830694649  -0.0000013061  -0.1991340107
       -0.3046585095   0.0000012757  -0.1830687282   0.3385310677  -0.0000014169
        0.2037886758  -0.0338725583   0.0000001412  -0.0207199476
        0.0000012033  -0.0000000000   0.0000006110  -0.0000014169   0.0000000000
       -0.0000007489   0.0000002135  -0.0000000000   0.0000001379
       -0.2245089775   0.0000008280  -0.1991311653   0.2037886758  -0.0000007489
        0.1822881175   0.0207203016  -0.0000000791   0.0168430479
       -0.3046556639   0.0000019147   0.1830694649  -0.0338725583   0.0000002135
        0.0207203016   0.3385282222  -0.0000021282  -0.2037897665
        0.0000019870  -0.0000000000  -0.0000013061   0.0000001412  -0.0000000000
       -0.0000000791  -0.0000021282   0.0000000000   0.0000013852
        0.2245097141  -0.0000015231  -0.1991340107  -0.0207199476   0.0000001379
        0.0168430479  -0.2037897665   0.0000013852   0.1822909629
