$hessian                                                                        
        0.6551276583  -0.0000034302  -0.0000009009  -0.3275653489   0.0000012933
       -0.2417047489  -0.3275623095   0.0000021370   0.2417056499
       -0.0000034302   0.0000000000   0.0000006930   0.0000013771  -0.0000000000
        0.0000009191   0.0000020531  -0.0000000000  -0.0000016120
       -0.0000009009   0.0000006930   0.3970285454  -0.1936493222   0.0000006675
       -0.1985127530   0.1936502231  -0.0000013604  -0.1985157924
       -0.3275653489   0.0000013771  -0.1936493222   0.3491334478  -0.0000014481
        0.2176769251  -0.0215680989   0.0000000710  -0.0240276029
        0.0000012933  -0.0000000000   0.0000006675  -0.0000014481   0.0000000000
       -0.0000008109   0.0000001549  -0.0000000000   0.0000001434
       -0.2417047489   0.0000009191  -0.1985127530   0.2176769251  -0.0000008109
        0.1884312188   0.0240278238  -0.0000001082   0.0100815342
       -0.3275623095   0.0000020531   0.1936502231  -0.0215680989   0.0000001549
        0.0240278238   0.3491304084  -0.0000022080  -0.2176780470
        0.0000021370  -0.0000000000  -0.0000013604   0.0000000710  -0.0000000000
       -0.0000001082  -0.0000022080   0.0000000000   0.0000014686
        0.2417056499  -0.0000016120  -0.1985157924  -0.0240276029   0.0000001434
        0.0100815342  -0.2176780470   0.0000014686   0.1884342582
