$hessian                                                                        
        0.6092724184  -0.0000031901  -0.0000007365  -0.3046376319   0.0000012032
       -0.2245054469  -0.3046347865   0.0000019869   0.2245061834
       -0.0000031901   0.0000000000   0.0000006951   0.0000012756  -0.0000000000
        0.0000008279   0.0000019146  -0.0000000000  -0.0000015231
       -0.0000007365   0.0000006951   0.3982742953  -0.1830632730   0.0000006110
       -0.1991357250   0.1830640095  -0.0000013061  -0.1991385704
       -0.3046376319   0.0000012756  -0.1830632730   0.3385133959  -0.0000014168
        0.2037841829  -0.0338757639   0.0000001412  -0.0207209099
        0.0000012032  -0.0000000000   0.0000006110  -0.0000014168   0.0000000000
       -0.0000007488   0.0000002135  -0.0000000000   0.0000001379
       -0.2245054469   0.0000008279  -0.1991357250   0.2037841829  -0.0000007488
        0.1822934646   0.0207212640  -0.0000000791   0.0168422604
       -0.3046347865   0.0000019146   0.1830640095  -0.0338757639   0.0000002135
        0.0207212640   0.3385105504  -0.0000021281  -0.2037852735
        0.0000019869  -0.0000000000  -0.0000013061   0.0000001412  -0.0000000000
       -0.0000000791  -0.0000021281   0.0000000000   0.0000013852
        0.2245061834  -0.0000015231  -0.1991385704  -0.0207209099   0.0000001379
        0.0168422604  -0.2037852735   0.0000013852   0.1822963099
