$hessian                                                                        
        0.6092941504  -0.0000031903  -0.0000007360  -0.3046484982   0.0000012033
       -0.2245260315  -0.3046456522   0.0000019870   0.2245267676
       -0.0000031903   0.0000000000   0.0000006952   0.0000012756  -0.0000000000
        0.0000008280   0.0000019147  -0.0000000000  -0.0000015232
       -0.0000007360   0.0000006952   0.3983243415  -0.1830824642   0.0000006110
       -0.1991607481   0.1830832003  -0.0000013062  -0.1991635934
       -0.3046484982   0.0000012756  -0.1830824642   0.3385291094  -0.0000014168
        0.2038040708  -0.0338806112   0.0000001412  -0.0207216066
        0.0000012033  -0.0000000000   0.0000006110  -0.0000014168   0.0000000000
       -0.0000007489   0.0000002136  -0.0000000000   0.0000001379
       -0.2245260315   0.0000008280  -0.1991607481   0.2038040708  -0.0000007489
        0.1823181956   0.0207219607  -0.0000000791   0.0168425525
       -0.3046456522   0.0000019147   0.1830832003  -0.0338806112   0.0000002136
        0.0207219607   0.3385262634  -0.0000021282  -0.2038051610
        0.0000019870  -0.0000000000  -0.0000013062   0.0000001412  -0.0000000000
       -0.0000000791  -0.0000021282   0.0000000000   0.0000013853
        0.2245267676  -0.0000015232  -0.1991635934  -0.0207216066   0.0000001379
        0.0168425525  -0.2038051610   0.0000013853   0.1823210409
