$hessian                                                                        
        0.6097362999  -0.0000031926  -0.0000007390  -0.3048695730   0.0000012042
       -0.2246398750  -0.3048667270   0.0000019883   0.2246406140
       -0.0000031926   0.0000000000   0.0000006953   0.0000012765  -0.0000000000
        0.0000008286   0.0000019161  -0.0000000000  -0.0000015239
       -0.0000007390   0.0000006953   0.3983905043  -0.1832162390   0.0000006117
       -0.1991938279   0.1832169780  -0.0000013070  -0.1991966764
       -0.3048695730   0.0000012765  -0.1832162390   0.3387418810  -0.0000014177
        0.2039278800  -0.0338723080   0.0000001412  -0.0207116410
        0.0000012042  -0.0000000000   0.0000006117  -0.0000014177   0.0000000000
       -0.0000007495   0.0000002135  -0.0000000000   0.0000001378
       -0.2246398750   0.0000008286  -0.1991938279   0.2039278800  -0.0000007495
        0.1823586017   0.0207119949  -0.0000000791   0.0168352263
       -0.3048667270   0.0000019161   0.1832169780  -0.0338723080   0.0000002135
        0.0207119949   0.3387390350  -0.0000021296  -0.2039289730
        0.0000019883  -0.0000000000  -0.0000013070   0.0000001412  -0.0000000000
       -0.0000000791  -0.0000021296   0.0000000000   0.0000013860
        0.2246406140  -0.0000015239  -0.1991966764  -0.0207116410   0.0000001378
        0.0168352263  -0.2039289730   0.0000013860   0.1823614501
